hsl(243, 66, 10)
hsl(242, 31, 19)
hsl(244, 19, 28)
hsl(242, 13, 37)
hsl(246, 9, 46)
hsl(243, 8, 55)
hsl(240, 8, 64)
hsl(245, 8, 73)
hsl(240, 8, 82)
hsl(255, 9, 91)

hsl(320, 88, 40)
hsl(320, 69, 46)
hsl(319, 58, 52)
hsl(320, 58, 58)
hsl(320, 58, 64)

hsl(297, 55, 38)
hsl(298, 43, 45)
hsl(297, 35, 51)
hsl(297, 35, 57)
hsl(297, 34, 63)

hsl(307, 69, 73)
hsl(308, 70, 69)
hsl(307, 69, 55)
hsl(307, 69, 64)
hsl(308, 70, 60)

hsl(288, 53, 30)
hsl(288, 39, 37)
hsl(289, 29, 44)
hsl(288, 23, 51)
hsl(288, 23, 58)

hsl(259, 62, 24)
hsl(259, 42, 31)
hsl(259, 30, 39)
hsl(259, 22, 46)
hsl(259, 19, 54)

hsl(269, 57, 50)
hsl(269, 57, 55)
hsl(269, 57, 60)
hsl(269, 57, 65)
hsl(269, 57, 70)

hsl(263, 67, 38)
hsl(263, 52, 44)
hsl(263, 41, 50)
hsl(263, 41, 56)
hsl(263, 41, 63)

hsl(213, 25, 54)
hsl(213, 25, 58)
hsl(214, 26, 63)
hsl(213, 25, 67)
hsl(213, 25, 72)
